Group                    X         Points(avg)     Points(min)     Points(max)       Time(avg)       Time(min)       Time(max)    Overweight(avg)    Overweight(min)    Overweight(max)       Xsec(avg)       Xsec(min)       Xsec(max)        Unc(avg)        Unc(min)        Unc(max)    Xsec(w-mean)     Unc(w-mean)     chi2/dof      redChi2    p-value        Birge     max z_ij     Compat    UnwEff(avg)     UnwEff(min)     UnwEff(max)        ESS(avg)        ESS(min)        ESS(max)     rwgtTime(avg)     rwgtTime(min)     rwgtTime(max)     FCXsec(avg)     FCXsec(min)     FCXsec(max)     FCrwgt(avg)     FCrwgt(min)     FCrwgt(max) 
------------------------------------------------------------------------------------------------------------------------------------------------------------------------------------------------------------------------------------------------------------------------------------------------------------------------------------------------------------------------------------------------------------------------------------


2j_s1                    2             2210502         2163096         2236768       2.481e+01       2.312e+01       2.689e+01          1.531e-05          6.236e-06          2.813e-05       1.371e+08       1.368e+08       1.372e+08       1.142e+05       1.092e+05       1.209e+05       1.370e+08       3.604e+04      13.49/9    1.499e+00   1.42e-01    1.224e+00    2.940e+00        Yes      6.592e-01       6.585e-01       6.624e-01       9.986e+04       9.986e+04       9.987e+04         3.161e+00         3.063e+00         3.246e+00       1.203e+08       1.201e+08       1.205e+08       8.779e-01       8.779e-01       8.780e-01 
3j_s1                    3             5788705         5437501         6260801       1.002e+02       8.743e+01       1.168e+02          5.522e-04          4.688e-04          6.189e-04       1.098e+07       1.097e+07       1.099e+07       9.594e+03       9.370e+03       1.040e+04       1.098e+07       3.030e+03       3.52/9    3.913e-01   9.40e-01    6.255e-01    1.460e+00        Yes      7.597e-01       7.003e-01       8.213e-01       9.970e+04       9.969e+04       9.971e+04         4.047e+00         4.008e+00         4.126e+00       9.535e+06       9.527e+06       9.546e+06       8.685e-01       8.683e-01       8.687e-01 
4j_s1                    4            12839995        12025730        13632852       3.603e+02       3.223e+02       3.959e+02          6.068e-04          5.348e-04          6.679e-04       2.579e+06       2.576e+06       2.583e+06       2.314e+03       2.227e+03       2.461e+03       2.579e+06       7.303e+02       8.12/9    9.027e-01   5.22e-01    9.501e-01    1.948e+00        Yes      7.817e-01       7.296e-01       8.417e-01       9.955e+04       9.954e+04       9.956e+04         6.722e+00         6.629e+00         6.928e+00       2.219e+06       2.216e+06       2.222e+06       8.605e-01       8.601e-01       8.606e-01 
5j_s1                    5            42918312        38284170        51522956       2.029e+03       1.722e+03       2.506e+03          6.736e-04          6.053e-04          7.173e-04       6.372e+05       6.363e+05       6.382e+05       5.476e+02       4.987e+02       6.299e+02       6.372e+05       1.720e+02       9.75/9    1.083e+00   3.71e-01    1.041e+00    2.337e+00        Yes      7.507e-01       7.114e-01       7.681e-01       9.940e+04       9.939e+04       9.941e+04         2.896e+01         2.818e+01         2.982e+01       5.457e+05       5.448e+05       5.464e+05       8.564e-01       8.561e-01       8.567e-01 
6j_s1                    6           157635814       132123548       185010126       1.494e+04       1.223e+04       1.884e+04          6.502e-04          5.934e-04          6.841e-04       1.727e+05       1.725e+05       1.729e+05       1.537e+02       1.228e+02       2.782e+02       1.727e+05       4.573e+01       7.94/9    8.827e-01   5.40e-01    9.395e-01    1.841e+00        Yes      6.535e-01       6.255e-01       6.793e-01       9.917e+04       9.916e+04       9.919e+04         6.997e+02         6.808e+02         7.254e+02       1.482e+05       1.481e+05       1.484e+05       8.583e-01       8.581e-01       8.585e-01 


ee_1j_s1                 1             1708759         1669265         1758082       1.772e+01       1.730e+01       1.811e+01          1.533e-06          0.000e+00          5.113e-06       3.159e+02       3.157e+02       3.162e+02       1.794e-01       1.762e-01       1.828e-01       3.159e+02       5.674e-02      10.25/9    1.139e+00   3.30e-01    1.067e+00    2.258e+00        Yes      1.000e+00       1.000e+00       1.000e+00       1.000e+05       1.000e+05       1.000e+05         4.008e+00         3.957e+00         4.086e+00       2.808e+02       2.806e+02       2.811e+02       8.889e-01       8.889e-01       8.889e-01 
ee_2j_s1                 2             5092227         4859678         5609507       1.049e+02       1.009e+02       1.162e+02          5.571e-04          5.103e-04          6.272e-04       1.276e+02       1.273e+02       1.279e+02       1.033e-01       9.642e-02       1.209e-01       1.276e+02       3.244e-02      15.81/9    1.756e+00   7.11e-02    1.325e+00    3.416e+00        Yes      6.352e-01       6.319e-01       6.415e-01       9.966e+04       9.966e+04       9.967e+04         5.075e+00         4.931e+00         5.185e+00       1.075e+02       1.072e+02       1.077e+02       8.420e-01       8.418e-01       8.420e-01 
ee_3j_s1                 3            16618135        15355480        17764674       6.290e+02       5.894e+02       6.650e+02          5.221e-04          4.772e-04          5.613e-04       4.924e+01       4.910e+01       4.933e+01       4.234e-02       3.571e-02       5.823e-02       4.923e+01       1.305e-02      19.16/9    2.129e+00   2.39e-02    1.459e+00    3.236e+00         No      6.837e-01       6.586e-01       7.092e-01       9.915e+04       9.914e+04       9.916e+04         7.358e+00         7.291e+00         7.407e+00       4.019e+01       4.009e+01       4.026e+01       8.162e-01       8.159e-01       8.165e-01 
ee_4j_s1                 4            33792486        31534409        37655468       2.693e+03       2.406e+03       3.020e+03          5.140e-04          4.847e-04          5.429e-04       1.903e+01       1.901e+01       1.906e+01       1.821e-02       1.613e-02       2.055e-02       1.903e+01       5.702e-03       4.99/9    5.550e-01   8.35e-01    7.450e-01    1.852e+00        Yes      7.165e-01       6.639e-01       7.620e-01       9.880e+04       9.880e+04       9.881e+04         1.755e+01         1.724e+01         1.824e+01       1.516e+01       1.514e+01       1.518e+01       7.964e-01       7.960e-01       7.969e-01 
ee_5j_s1                 5            89312303        78722302       107107382       1.667e+04       1.360e+04       2.036e+04          4.952e-04          4.577e-04          5.272e-04       7.175e+00       7.163e+00       7.180e+00       7.878e-03       7.259e-03       9.398e-03       7.175e+00       2.462e-03       4.04/9    4.493e-01   9.09e-01    6.703e-01    1.642e+00        Yes      7.194e-01       6.840e-01       7.567e-01       9.855e+04       9.853e+04       9.856e+04         9.227e+01         9.179e+01         9.313e+01       5.610e+00       5.602e+00       5.615e+00       7.819e-01       7.817e-01       7.823e-01 


ttbar_0j_s1              0             1402093         1396452         1407494       1.363e+01       1.299e+01       1.415e+01          0.000e+00          0.000e+00          0.000e+00       1.031e+03       1.030e+03       1.032e+03       5.590e-01       5.563e-01       5.612e-01       1.031e+03       1.768e-01      11.07/9    1.230e+00   2.71e-01    1.109e+00    2.528e+00        Yes      9.163e-01       9.161e-01       9.165e-01       9.978e+04       9.978e+04       9.978e+04         3.239e+00         3.185e+00         3.272e+00       7.559e+02       7.551e+02       7.565e+02       7.330e-01       7.329e-01       7.332e-01 
ttbar_1j_s1              1             4259445         4008007         4463386       5.688e+01       5.016e+01       6.497e+01          5.958e-04          4.962e-04          7.709e-04       1.018e+03       1.018e+03       1.019e+03       7.212e-01       6.824e-01       7.835e-01       1.018e+03       2.276e-01       4.89/9    5.432e-01   8.44e-01    7.370e-01    1.591e+00        Yes      7.884e-01       7.881e-01       7.887e-01       9.927e+04       9.926e+04       9.927e+04         3.876e+00         3.834e+00         3.919e+00       7.136e+02       7.133e+02       7.143e+02       7.008e-01       7.005e-01       7.011e-01 
ttbar_2j_s1              2            14142656        12421739        17207264       3.043e+02       2.446e+02       3.783e+02          6.352e-04          5.628e-04          7.167e-04       6.247e+02       6.241e+02       6.252e+02       4.718e-01       4.216e-01       5.158e-01       6.247e+02       1.482e-01       5.85/9    6.504e-01   7.54e-01    8.065e-01    1.674e+00        Yes      7.098e-01       6.837e-01       7.314e-01       9.898e+04       9.898e+04       9.899e+04         5.140e+00         5.074e+00         5.210e+00       4.402e+02       4.398e+02       4.406e+02       7.047e-01       7.043e-01       7.049e-01 
ttbar_3j_s1              3            24726372        22870056        26964415       9.887e+02       8.952e+02       1.157e+03          6.543e-04          6.079e-04          7.055e-04       3.127e+02       3.123e+02       3.131e+02       2.743e-01       2.454e-01       3.646e-01       3.127e+02       8.524e-02       6.29/9    6.994e-01   7.10e-01    8.363e-01    2.266e+00        Yes      6.855e-01       6.511e-01       7.040e-01       9.867e+04       9.866e+04       9.868e+04         1.059e+01         1.051e+01         1.078e+01       2.232e+02       2.229e+02       2.234e+02       7.138e-01       7.135e-01       7.143e-01 
ttbar_4j_s1              4            68704338        59116023        88342578       5.794e+03       4.308e+03       6.894e+03          6.079e-04          5.588e-04          6.315e-04       1.388e+02       1.385e+02       1.391e+02       1.520e-01       1.169e-01       2.919e-01       1.388e+02       4.397e-02      12.55/9    1.395e+00   1.84e-01    1.181e+00    2.854e+00        Yes      6.200e-01       5.860e-01       6.415e-01       9.830e+04       9.829e+04       9.831e+04         8.132e+01         7.955e+01         8.490e+01       1.011e+02       1.009e+02       1.013e+02       7.282e-01       7.277e-01       7.285e-01 


zz_0j_s1                 0             1186686         1185501         1187786       1.365e+01       1.291e+01       1.438e+01          0.000e+00          0.000e+00          0.000e+00       1.185e+01       1.183e+01       1.186e+01       6.048e-03       6.030e-03       6.068e-03       1.185e+01       1.913e-03      14.47/9    1.608e+00   1.07e-01    1.268e+00    2.808e+00        Yes      1.000e+00       1.000e+00       1.000e+00       1.000e+05       1.000e+05       1.000e+05         3.042e+00         2.990e+00         3.079e+00       1.185e+01       1.183e+01       1.186e+01       1.000e+00       1.000e+00       1.000e+00 
zz_1j_s1                 1             2681620         2470376         2883853       4.901e+01       4.451e+01       5.716e+01          6.980e-04          6.051e-04          7.693e-04       5.097e+00       5.091e+00       5.110e+00       3.128e-03       2.947e-03       3.489e-03       5.097e+00       9.853e-04      28.53/9    3.170e+00   7.77e-04    1.781e+00    4.179e+00         No      1.000e+00       1.000e+00       1.000e+00       1.000e+05       1.000e+05       1.000e+05         3.528e+00         3.499e+00         3.603e+00       4.531e+00       4.525e+00       4.542e+00       8.889e-01       8.889e-01       8.889e-01 
zz_2j_s1                 2            10717449        10177498        11481757       5.269e+02       4.656e+02       5.989e+02          5.978e-04          5.095e-04          6.704e-04       2.736e+00       2.731e+00       2.740e+00       1.783e-03       1.616e-03       2.170e-03       2.736e+00       5.589e-04      17.65/9    1.961e+00   3.95e-02    1.400e+00    3.184e+00         No      6.219e-01       6.193e-01       6.261e-01       9.965e+04       9.964e+04       9.965e+04         4.224e+00         4.185e+00         4.261e+00       2.258e+00       2.255e+00       2.261e+00       8.255e-01       8.253e-01       8.257e-01 
zz_3j_s1                 3            19980481        18647061        21522525       2.508e+03       2.012e+03       3.016e+03          5.096e-04          4.741e-04          5.475e-04       1.412e+00       1.407e+00       1.415e+00       1.289e-03       1.166e-03       1.457e-03       1.412e+00       4.051e-04      24.26/9    2.696e+00   3.91e-03    1.642e+00    4.114e+00         No      6.470e-01       6.250e-01       6.624e-01       9.903e+04       9.902e+04       9.904e+04         5.389e+00         5.329e+00         5.456e+00       1.113e+00       1.108e+00       1.115e+00       7.878e-01       7.874e-01       7.881e-01 
zz_4j_s1                 4            47998606        41232929        53060246       1.506e+04       1.114e+04       1.951e+04          4.535e-04          4.410e-04          4.771e-04       6.772e-01       6.746e-01       6.799e-01       7.016e-04       6.402e-04       8.081e-04       6.772e-01       2.204e-04      54.15/9    6.017e+00   1.76e-08    2.453e+00    5.241e+00         No      6.533e-01       6.047e-01       6.841e-01       9.885e+04       9.882e+04       9.887e+04         9.197e+00         9.137e+00         9.270e+00       5.153e-01       5.134e-01       5.175e-01       7.609e-01       7.604e-01       7.611e-01 
